4341
2307
1135
1178
2272
4320
3187
4129
4069
1084
1078
3039
4032
2150
4094
1099
4248
3065
2138
4004
4145
4251
4232
2323
2344
2084
2170
4316
2011
3016
3170
2238
2134
3239
2319
4206
4092
1093
2223
2277
4197
2124
4333
3199
2015
4376
2331
1124
1026
2342
4068
2321
4353
4318
3207
3176
4204
4275
2173
3197
1171
1081
2009
3073
4127
1050
3274
2292
4278
1109
2142
4328
1031
4111
1007
4348
2299
2083
2182
4267
3090
3209
4029
2250
4340
2114
1141
3099
3068
3088
4357
4242
3161
2104
4371
4417
1091
4349
2167
2216
3287
3106
4324
3196
4354
2282
2351
3000
4261
3227
3121
4379
4281
1085
2363
2320
1174
3296
2300
3266
4439
2257
2055
4161
2141
4086
1088
3050
4154
2033
2231
4043
4140
1115
3271
4268
3219
1016
3012
2367
1070
3183
4024
2140
4343
1066
4230
4378
4105
4405
3051
1125
2335
2197
1067
4336
2274
2163
4173
2298
3180
4398
3254
2309
4171
3004
4344
3174
4046
2012
4404
1101
4165
1123
4425
2113
4220
4010
4123
2273
3063
4419
4013
2171
3262
4283
1015
1042
2266
3055
4231
4427
1119
1148
3082
2224
3060
3175
3234
4078
4237
1060
3147
3281
3092
4209
4079
2334
4192
1166
1062
1073
4253
1012
4329
4167
4367
3157
3001
1058
2202
2036
3273
4311
3029
4054
3256
1025
4077
4210
2258
2078
2380
2255
2049
2189
4409
4109
4074
4259
3221
1149
4182
2294
4288
2346
2121
3316
4393
4033
3260
4309
3041
2193
2345
2276
3066
4345
2288
2326
2153
4424
3218
1086
2389
2325
4312
4250
3198
4198
2148
4236
3035
3137
3305
2225
2184
1065
4258
3132
2203
2341
2209
2062
4327
1184
4019
2235
4413
4412
2179
2043
3067
4193
2010
2054
2064
3282
2263
4247
3146
4375
1145
4117
3309
4130
4132
1002
4299
2106
3279
4156
4042
2191
2385
2308
2125
2316
3128
2353
1170
4298
3245
4436
4075
1134
4001
1075
2201
2371
2379
2073
4050
3156
4408
4176
1051
4291
1083
2329
3291
3096
2060
3014
4350
3258
2234
4076
1019
4227
1129
2322
4420
2162
4317
4202
4072
1146
3031
3140
4363
4061
2196
2354
1005
4368
4279
3107
3297
3064
3241
2352
4012
1008
2219
4418
3059
3038
2271
4222
3131
4021
4081
4395
4014
2230
4174
4073
4410
1182
3269
4023
2305
4213
4396
2080
3098
4100
2174
2343
1087
2039
3172
2021
2251
2112
3267
4048
1133
2050
1127
3123
4406
2241
2111
4011
2253
1041
2110
4083
1181
2001
4118
4003
3078
2016
4008
3255
3268
4022
4062
4369
4162
1004
2291
2306
2076
2123
1046
3083
2101
1054
1072
2280
4277
4002
3040
3265
4262
1160
4168
2117
4249
4164
3229
2314
4091
3034
4203
2178
4416
2378
4352
3168
2281
3214
3173
3249
1180
4356
4147
3056
3136
3094
4016
2227
2388
2304
4386
3217
2135
4020
1103
2070
3189
4126
4435
2200
3253
1076
3261
4028
4099
4385
4037
1169
3139
2019
1040
2186
4009
3205
3163
4065
2287
2278
2370
2268
4148
2349
4366
3081
4181
4301
2165
2339
1136
1020
4114
3008
3311
2383
4355
1120
4025
2226
2088
2183
4212
2175
3036
2002
1090
3220
4397
3133
4254
2261
4015
2032
4172
2401
4433
4143
1139
4107
2350
2090
4347
2159
3284
3071
4096
4047
2217
2190
1021
2005
3151
4346
3294
4031
2066
2215
4392
3084
2013
3112
3289
3162
3186
2212
4383
1043
4055
1018
2028
4302
2116
3134
3244
1152
4339
4407
2301
3303
4214
2206
4134
3126
2259
4186
3103
1011
4271
2097
2302
3225
3250
2228
2252
3033
3142
4234
1176
2214
2232
2397
2137
4026
1063
2068
4185
4137
4071
4319
2327
3109
3210
2303
4276
2393
2381
4372
4266
1173
3211
3138
4432
1102
4041
4331
2373
1116
3300
4103
3037
3246
1017
3021
4289
4088
2284
2131
4360
1048
2089
4052
4280
2047
4300
2249
2109
1045
3124
3150
4006
4179
3144
3122
4188
3049
2136
2208
4218
2085
2045
2368
2355
4101
3154
4059
4207
2236
1142
3247
2044
3091
2377
1138
4387
1077
2310
2003
2328
2161
3145
4323
4264
4146
2387
2369
4125
4000
2244
2077
1130
4005
3263
4196
1094
2177
3009
4149
4241
2160
1003
3313
4058
1055
4373
3230
2220
3164
3159
2071
4124
4434
2313
1157
4177
4381
3085
4158
2115
1105
2151
1029
2270
2262
2283
2366
1126
3314
3237
2132
2108
2394
3166
2149
2129
4322
3108
4110
4201
2100
3023
4270
3006
3264
1068
4382
3278
4337
3111
3252
2166
3181
4238
3019
1071
2195
4429
4390
3125
4321
4365
1108
4221
2027
3075
4119
3270
4155
4053
4400
4120
4035
4415
2290
2210
3310
1161
2156
2041
4334
2356
2172
3027
4438
4403
2096
4252
4224
3053
4308
2194
3213
4152
2256
4195
2025
2240
3200
3032
4389
3015
2102
2059
3191
4226
3079
1098
4157
4306
4112
2267
2254
4290
2004
4153
2396
2347
3005
3280
4056
2358
1162
2330
4374
1014
2038
4093
3224
2120
3018
3201
2348
2285
2279
1156
4244
2091
3243
2098
1044
2391
4335
4315
2237
4431
2118
2035
2169
3148
2145
2122
2119
2221
2143
4066
4169
4364
4064
2128
3293
1097
2398
1001
4297
4421
3026
3110
2048
1009
1056
2361
4285
2233
2164
2063
2364
1036
3188
3102
2245
1013
3030
1112
2295
3165
4082
2360
1153
3074
3182
4233
2042
4305
4136
2222
3192
3069
2198
3117
4151
4394
3193
4034
4326
3317
3046
2359
4018
1023
1074
1143
2069
4142
4097
4030
3062
4116
4098
1144
2056
2075
2317
4228
2008
4414
3003
1137
1069
1165
2181
3089
1092
4256
2095
4166
2376
3179
3052
2333
4428
1110
4437
1034
1057
2372
3114
4049
3308
2061
3113
2247
4200
2374
4184
4219
4296
3120
3283
3028
2092
3024
4144
1006
4310
4338
4442
2154
2018
3312
1052
2382
3194
1140
3184
4411
1155
3276
4314
3044
1164
4038
4115
2000
4423
4446
2211
2176
2046
3301
3119
4225
4138
3057
3298
2265
1032
3017
2105
1183
4399
1049
1128
3160
3101
4260
4370
2297
4215
3118
2248
4150
4361
3272
2152
2087
2365
2037
4377
3129
4313
4122
4139
2386
3010
2081
3290
4402
4189
2332
3141
3104
1113
2315
2205
2318
4040
4211
2093
4159
4273
2017
4135
4401
2022
4384
1033
2030
1095
4235
1187
3077
4190
4240
3013
2074
4294
3257
2204
1022
3223
3295
1038
4027
3178
2296
3231
2392
3087
3020
1037
3048
3195
3007
4443
4089
2099
4113
4057
2311
2040
2053
3232
1035
4180
4257
2026
1024
3095
2395
2127
3226
2146
2340
3315
4160
1028
3204
3202
2187
4292
4090
3307
4217
4388
4121
4358
4178
3025
4265
2079
2094
4183
1000
3171
4380
1082
4269
2139
4036
3203
4287
4245
4426
2337
2057
1118
4063
3240
4216
3288
2147
2157
3072
1089
2324
4441
1122
3143
3190
4067
4362
4304
3086
4330
2133
4141
2375
4282
4293
1159
3306
3259
4045
3042
2052
4170
2239
3248
3177
2158
4307
4284
3130
4286
1188
1158
2199
3045
3080
1053
3277
3058
1080
2286
2014
1167
2023
2275
4447
2384
2168
3286
2067
3152
4163
2243
3127
3236
3155
2058
4106
4239
1163
4133
4430
3105
2180
1117
2260
2065
2400
2390
4084
2107
1059
2336
3093
4194
4444
3022
4332
1100
4274
2213
3153
4102
2072
3002
1189
1010
4085
2086
3135
4199
3185
2155
4359
1147
1168
4246
2144
1107
3304
1047
2020
2207
2006
2357
4104
3302
3238
2264
1027
1079
2082
2312
3167
1114
3208
3043
4070
3216
1172
4131
4128
2229
1121
4342
4175
4445
3054
3097
1111
1096
4039
3206
1154
3228
1185
2007
2338
3115
3275
3215
4325
2269
3061
1177
2242
2029
4080
2192
1030
4351
4087
3149
2031
1061
4044
1039
4263
1186
2293
4007
2126
1131
2188
4422
3100
1104
4303
2289
4187
3158
3169
3285
2185
4208
3292
3235
3047
4295
1150
4051
3299
3076
1179
4255
4205
1151
3251
1175
1064
4060
4223
2218
4440
2051
3011
2246
3212
4017
4191
2399
2103
2034
3070
4391
4229
3222
3242
2024
1106
4272
3233
1132
3116
4095
2362
4108
2130
4243
