3029
1969
5360
3582
445
2834
2788
3183
2211
3439
3356
1417
1105
3544
2503
3976
736
2149
3312
283
3538
840
384
2825
3528
2263
3948
2597
410
738
832
6502
3265
1203
2641
6147
2471
3587
5800
677
5859
3112
2978
3975
529
4423
2974
4866
1044
3482
2096
2784
3622
2683
4440
1793
6101
1448
4043
3772
1737
3387
343
2307
3158
2556
3047
1196
1473
4158
3376
2949
1273
2748
267
3526
1501
2258
4179
1326
3054
4732
1059
500
3018
2785
5457
3241
2193
2852
3678
612
6209
2463
4358
5932
3570
3553
3891
5277
3838
3331
2904
3651
3663
849
3657
22
1207
223
3977
4458
1605
3456
4383
2767
2826
4577
1564
2776
6959
3665
1530
4404
3365
2390
3499
1624
3913
990
6053
1362
3385
4296
2918
1327
6314
597
492
4727
2873
2616
922
3335
3099
2754
362
4452
2666
5685
1631
4867
2988
4677
2755
2983
467
3831
4809
1488
2534
5554
1977
1987
4749
148
3120
1676
1526
415
5672
3995
4521
4860
6360
2763
3994
526
3119
462
2019
6025
591
3984
2473
1694
544
2449
193
1761
366
6496
4407
6100
2710
5821
1915
1710
672
2317
574
2636
5021
3594
3087
6254
2323
2986
5471
495
2707
2965
893
378
2950
4571
4294
5975
43
2623
4880
1054
2992
2495
1101
1802
2215
997
2314
6406
4442
2191
5723
2632
1479
4545
5714
2723
2272
1104
6490
6124
5116
1425
1886
3604
3089
7231
5393
1121
2342
2402
1449
4602
3601
513
2157
3125
1062
2905
3684
6277
6296
3477
6332
2897
2505
787
3925
5913
3539
571
1294
4682
5643
5879
4319
2724
1079
4549
4913
3398
5095
1825
2945
5170
777
6334
5775
5769
4160
1277
2183
5480
402
1509
1895
3632
152
719
5004
4410
5592
2916
6294
3186
3224
132
2129
2497
3548
4046
1358
4582
5992
1972
3122
2492
4328
3702
1541
2121
1355
6895
2274
5331
123
3307
4810
5336
5635
2117
1659
5955
5698
4879
2562
1991
3414
2966
4300
3155
1789
666
3586
2313
6188
2295
604
277
4997
2813
6054
3822
2668
6066
2235
5849
1184
4796
4034
2006
4655
3705
160
4314
1547
3361
4583
2095
1279
3689
581
287
5622
6018
1905
1399
363
4912
4548
806
2336
5495
622
6021
4845
2252
5717
4377
2874
894
1848
6639
5496
2202
3177
2588
4066
3485
3478
1171
1332
696
1535
2697
2783
1571
5315
1485
4943
4010
5695
6775
2639
536
1769
2246
2638
2341
4353
15
2920
281
2569
596
471
2115
2805
871
2014
4334
4495
157
1153
1889
2178
3098
2510
2718
2442
2599
2942
792
1453
169
1426
2678
1220
6628
4585
2864
781
4513
441
2238
2437
1290
6091
4120
5875
5625
3611
637
794
5385
1395
1714
3719
3672
3620
1816
4672
3124
645
5894
6272
1721
4736
6207
3281
779
4061
2085
2866
3137
6873
4750
1868
3314
2422
1045
2586
4676
1232
1103
4793
639
1978
4474
494
4302
6438
2044
1003
735
5333
264
3694
3649
4257
2709
5105
2136
3850
3220
5369
636
2810
386
6693
5893
3668
4408
981
5888
2325
4234
6559
4095
1322
25
3568
6393
5551
4600
896
90
634
984
4757
7644
6796
3425
5445
2716
3654
2335
3223
3801
3685
2290
2544
1543
5291
4553
909
177
5831
3149
4374
1094
1942
5211
5313
2756
479
3484
4272
6258
2749
5150
4629
2455
1819
600
948
2168
2844
4614
1319
6336
3017
5696
1567
5568
7198
5056
3266
4171
6287
5190
3315
318
1408
2382
1585
6967
1763
5930
1637
1248
4830
566
3009
5164
6141
6936
3301
994
2712
2042
5140
3337
2216
2775
2919
3399
4964
1715
1450
6746
5744
4366
1321
2820
5090
4763
6773
4019
1342
2959
5381
4304
5203
2640
1354
1557
598
798
1955
2393
869
3238
3830
2530
2329
1732
1586
1469
2130
292
2606
2501
4101
5424
392
5010
4920
3990
5299
1615
3293
5066
1060
2287
1380
5227
3803
2612
5897
1932
6159
6345
5491
1561
1360
3074
5608
5414
4836
3348
2100
69
2946
3819
4959
2889
1302
3563
6059
5320
3135
50
7358
2186
5063
328
2548
5855
3610
4107
397
3739
611
3802
156
6833
1912
2601
4386
457
5686
7177
6056
2094
3128
6837
2152
6440
4889
4531
2800
4118
2839
4072
3627
1097
360
138
867
4421
4871
6884
1137
3240
2550
6748
7362
3540
3199
2888
3375
2729
6055
2426
895
1369
230
2605
2781
4625
3170
2989
3411
1849
3867
2608
575
761
2908
4652
6719
5305
4152
2841
4241
4125
4297
898
2338
3056
2883
3947
1742
5581
3072
1164
5818
1148
5115
6624
6698
3790
1242
2979
4102
4035
1051
6940
5671
2376
872
31
1652
2306
4617
5328
3853
3472
5794
800
6717
3999
1227
5099
671
2460
1647
3386
209
2590
3960
4111
2256
2760
203
2481
1973
121
3872
6927
3606
183
3588
1829
4172
7305
2971
4387
498
1165
2475
6770
3039
759
4042
3615
884
790
6436
692
2343
1308
2396
2499
6697
2981
2595
6474
6754
3007
1035
3935
5205
3492
3093
3024
5752
3429
2062
4644
4112
2035
3188
4368
3951
7037
88
2114
6192
986
3400
1470
300
2607
4322
1809
6153
3837
1880
4396
1440
2861
3295
7451
438
1147
4197
1436
7352
2339
4220
6416
2319
2614
444
1276
2255
3318
5772
3405
2209
4690
3769
3764
5450
3498
1163
2943
7548
1538
4214
709
983
2970
5564
2054
3412
2553
1086
2013
2890
2581
5573
1612
2160
2535
278
338
5777
116
5394
2838
344
4174
3006
3577
942
2374
4532
5576
2532
1644
2985
6535
4168
6926
1415
2619
5346
3508
1616
5921
1810
3495
7476
6013
5488
5134
2424
2113
3884
3643
1078
2353
916
3488
173
2433
3004
6979
3696
623
6765
2568
5865
3533
5448
2621
5750
6425
3136
2561
1514
206
1291
2865
13
6259
7133
5130
4097
1421
5323
3807
32
3338
1821
4628
186
1280
754
2472
4416
5563
2547
4968
6114
3268
1143
4342
1474
7263
3805
7579
3751
3892
2941
3644
2318
4405
1162
4424
4522
2559
3100
3382
6037
398
2244
4298
5645
5327
2976
4802
3317
4198
2270
5041
2630
1340
6446
2354
4211
1430
618
3304
5605
700
4637
1363
961
3679
570
6621
2456
5351
609
521
2135
2106
2279
4924
910
6627
4375
1765
1024
2055
1456
512
6721
2822
770
1677
1600
3590
241
6994
2394
2423
2761
1862
2118
1182
1493
524
1420
5068
1008
866
996
3150
6814
3160
184
3506
3271
7036
4270
1057
4238
4076
4535
2057
2395
5809
7513
4963
3082
3720
4927
977
1314
2201
2356
5131
5
1299
4510
3408
1337
3324
1186
4123
1851
704
6421
3023
1633
4364
2016
1267
7424
3997
3516
3794
2293
3551
2830
6977
4771
4890
3372
2090
3937
2253
2819
2957
3245
3397
5530
1653
2059
6591
5673
2330
1381
1483
1491
4694
6576
1702
1979
3796
2305
1712
4524
1850
6637
6515
4729
1520
2593
2583
3151
1834
3384
929
520
721
751
509
7627
5906
3902
3833
1951
5863
4499
7202
4306
946
5940
1636
2686
607
7625
3242
6736
3323
4165
4362
6795
1938
7614
6476
2348
2527
2629
3005
3108
5757
7020
890
2962
3992
1445
5155
5884
2633
2116
106
6753
306
2383
2308
4631
5931
2682
3752
3768
6007
1012
718
3457
4116
5589
2515
648
5061
233
4167
2662
5368
1152
181
1046
3359
2257
2142
188
4217
4619
1486
2212
5687
2540
3190
3182
5989
4433
3037
4865
7035
1728
3162
4185
3792
1292
4355
6424
350
5494
312
3094
3721
3066
5423
2924
355
1960
3205
7093
960
2327
4584
1263
3607
2391
5406
978
2701
1372
1766
1295
5669
1391
429
3152
5118
4544
6231
3254
4065
2189
1139
5204
6051
720
3742
4350
6236
4324
678
1593
2107
6215
1698
4670
2400
3640
927
6109
6316
1792
2903
2715
1956
6083
5372
6965
1489
414
7467
5301
701
5409
7039
2461
1022
2266
5308
352
6579
1303
768
4098
1422
587
5192
3723
2538
4363
2721
3215
615
