4341
2307
1135
1178
2272
4320
3187
4129
4069
1084
1078
3039
4032
2150
4094
1099
4248
3065
2138
4004
4145
4251
4232
2323
2344
2084
2170
4316
2011
3016
3170
2238
2134
3239
2319
4206
4092
1093
2223
2277
4197
2124
4333
3199
2015
4376
2331
1124
1026
2342
4068
2321
4353
4318
3207
3176
4204
4275
2173
3197
1171
1081
2009
3073
4127
1050
3274
2292
4278
1109
2142
4328
1031
4111
1007
4348
2299
2083
2182
4267
3090
3209
4029
2250
4340
2114
1141
3099
3068
3088
4357
4242
3161
2104
4371
4417
1091
4349
2167
2216
3287
3106
4324
3196
