3029
1969
5360
3582
445
2834
2788
3183
2211
3439
3356
1417
1105
3544
2503
3976
736
2149
3312
283
3538
840
384
2825
3528
2263
3948
2597
410
738
832
6502
3265
1203
2641
6147
2471
3587
5800
677
5859
3112
2978
3975
529
4423
2974
4866
1044
3482
2096
2784
3622
2683
4440
1793
6101
1448
4043
3772
1737
3387
343
2307
3158
2556
3047
1196
1473
4158
3376
2949
1273
2748
267
3526
1501
2258
4179
1326
3054
4732
1059
500
3018
2785
5457
3241
2193
2852
3678
612
6209
2463
4358
5932
3570
3553
3891
5277
3838
3331
2904
3651
