4354
2282
2351
3000
4261
3227
3121
4379
4281
1085
2363
2320
1174
3296
2300
3266
4439
2257
2055
4161
2141
4086
1088
3050
4154
2033
2231
4043
4140
1115
3271
4268
3219
1016
3012
2367
1070
3183
4024
2140
4343
1066
4230
4378
4105
4405
3051
1125
2335
2197
1067
4336
2274
2163
4173
2298
3180
4398
3254
2309
4171
3004
4344
3174
4046
2012
4404
1101
4165
1123
4425
2113
4220
4010
4123
2273
3063
4419
4013
2171
3262
4283
1015
1042
2266
3055
4231
4427
1119
1148
3082
2224
3060
3175
3234
4078
4237
1060
3147
3281
3092
4209
4079
2334
4192
1166
1062
1073
4253
1012
4329
4167
4367
3157
3001
1058
2202
2036
3273
4311
3029
4054
3256
1025
4077
4210
2258
2078
2380
2255
2049
2189
4409
4109
4074
4259
3221
1149
4182
2294
4288
2346
2121
3316
4393
4033
3260
4309
3041
2193
2345
2276
3066
4345
2288
2326
2153
4424
3218
1086
