3663
849
3657
22
1207
223
3977
4458
1605
3456
4383
2767
2826
4577
1564
2776
6959
3665
1530
4404
3365
2390
3499
1624
3913
990
6053
1362
3385
4296
2918
1327
6314
597
492
4727
2873
2616
922
3335
3099
2754
362
4452
2666
5685
1631
4867
2988
4677
2755
2983
467
3831
4809
1488
2534
5554
1977
1987
4749
148
3120
1676
1526
415
5672
3995
4521
4860
6360
2763
3994
526
3119
462
2019
6025
591
3984
2473
1694
544
2449
193
1761
366
6496
4407
6100
2710
5821
1915
1710
672
2317
574
2636
5021
3594
3087
6254
2323
2986
5471
495
2707
2965
893
378
2950
4571
4294
5975
43
2623
4880
1054
2992
2495
1101
1802
2215
997
2314
6406
4442
2191
5723
2632
1479
4545
5714
2723
2272
1104
6490
6124
5116
1425
1886
3604
3089
7231
5393
1121
2342
2402
1449
4602
3601
513
2157
3125
1062
2905
3684
6277
6296
3477
